2724594688
2725464065
2729253388
2726733837
2727225870
2722698253
2723957779
2723845653
2727086622
2721492512
2721619495
2726705706
2729703474
2729923639
2722513977
2728169531
2729942075
2728035396
2721017956
2726027889
2721522802
2724301430
2722596471
2721674872
2724677252
2728216197
2726641287
2728310922
2721565329
2723383960
2724424349
2721661085
2729690783
2725610656
2722619553
2724495012
2728154279
2727179443
2725644471
2723309753
2723920063
2723380418
2730022598
2726132438
2723875048
2723814636
2721443053
2726165230
2723741951
2728294148
2728295688
2723356439
2722665759
2728298275
2723893540
2722620707
2729856812
2723769132
2724653363
2728115524
2723971914
2723170651
2726670686
2723271525
2723219815
2723309422
2729214321
2724062579
2722487669
2726046582
2725602684
2723242877
2729875839
2728836994
2727375751
2728230288
2724756882
2724374420
2724124567
2725628832
2727199138
2727099299
2725551019
2722493877
2722745783
2726677433
2723936200
2728164299
2722372556
2729974225
2721602523
2724734430
2726644705
2727160804
2722577892
2726079467
2723347967
2723961326
2724137972
2722821631
